@v_choice
$Dim[145]
#
%0.0277669,0.00735302,2.57059e-16,0.00165991,0.0121033,0.0122454,0.000172545,0.00216731,0.0122784,0.0143922,0.004016,0.00165991,0.0167037,0.0438257,0.00215684,0.0167705,0.0128404,0.00860058,0.00709438,0.00623895,0.00647055,1.67002e-05,0.00811101,0.00363682,0.00402432,0.0140351,4.22621e-05,6.77656e-06,0.00790616,0.00865575,0.00983009,0.0145785,4.00845e-06,0.00172561,0.00264132,1.87562e-06,0.0143923,0.0126964,0.0426703,0.00353875,0.00607226,0.00860059,0.0112071,0.0140351,0.0112168,0.00573541,4.02202e-06,2.57059e-16,0.00216538,3.67074e-05,0.00216731,0.013228,0.0277669,2.85558e-17,0.000445281,0.0234852,0.0220546,0.013228,0.00904164,0.00217562,0.00136138,0.00904164,0.00346415,6.01265e-06,2.8231e-06,2.8423e-05,2.85558e-17,0.0145437,0.00701607,0.000855791,0.00594614,0.00255234,0.00602748,0.0387332,5.89219e-11,0.00414421,5.83186e-05,0.000115245,0.0140628,3.35085e-05,0.000933201,0.0128404,0.00769186,0.00547448,0.00350772,0.0031753,0.0031753,0.00732435,0.00111538,0.00150122,0.0030269,0.00860058,0.00856334,0.00825501,0.00343022,0.0125373,0.0122784,0.00363681,0.000337961,0.00570439,0.00290899,0.000240952,0.00866995,0.00625614,0.0110386,0.00248708,0.00143848,0.010986,0.00864404,0.00918876,0.02693,0.0140351,0.022435,0.00240424,0.000855791,7.93209e-06,0.000224757,0.00384942,0.00298339,0.000254167,0.00745666,0.00596538,2.02077e-06,0.0126964,0.00506253,0.00735302,0.00181489,0.00414353,0.000869549,0.00647055,0.00328112,0.000469154,0.0061193,0.00255742,0.000224757,0.000115245,0.00567659,0.00825502,0.000469154,0.00309736,1.06382e-05,1.69995e-07,0.0060128,0.0140628,0.0031753
@j_choice
$Dim[14]
#
%0.0945363,0.0854978,0.1176,0.0210037,0.0997822,0.0427768,0.0323875,0.0296113,0.106991,2.51257e-14,0.0589792,0.212231,0.0817726,0.0168306
@d_gene
$Dim[14,3]
#[j_choice,0]
%0.141137,0.0968707,0.761992
#[j_choice,1]
%0.389984,0.36705,0.242966
#[j_choice,2]
%0.327947,0.452989,0.219064
#[j_choice,3]
%0.280276,0.298922,0.420801
#[j_choice,4]
%0.140702,0.10483,0.754469
#[j_choice,5]
%0.156814,0.111226,0.73196
#[j_choice,6]
%0.145427,0.116419,0.738154
#[j_choice,7]
%0.139412,0.154149,0.706439
#[j_choice,8]
%0.168414,0.115901,0.715685
#[j_choice,9]
%0.0669032,0.11611,0.816987
#[j_choice,10]
%0.296321,0.329589,0.37409
#[j_choice,11]
%0.227938,0.343047,0.429015
#[j_choice,12]
%0.352826,0.31058,0.336594
#[j_choice,13]
%0.209884,0.197261,0.592855
@v_3_del
$Dim[145,21]
#[v_choice,0]
%0.00354108,0.00339086,0.00565945,0.00744078,0.00714425,0.181653,0.139103,0.0970529,0.113477,0.182678,0.0493977,0.0741368,0.0588778,0.0177593,0.0230134,0.0172513,0.00412921,0.00121474,0.000916434,0.00347252,0.00869068
#[v_choice,1]
%0.000600856,0.000507477,0.0140301,0.0238435,0.0408539,0.0233502,0.0633666,0.0794263,0.121178,0.051872,0.118257,0.160898,0.0921848,0.0222904,0.098853,0.0731045,0.00906494,0.00293368,0.00133958,0.00108838,0.000956562
#[v_choice,2]
%0,0,1,0,0,0,0,0,0,0,0,0,0,0,0,0,0,0,0,0,0
#[v_choice,3]
%0.000200037,8.62417e-05,0.00697256,0.0141923,0.53229,0.14555,0.0984642,0.0666317,0.0239626,0.044119,0.0268043,0.00784017,0.0025769,0.00243925,0.00394568,0.00275449,0.00511933,0.00187949,0.00183451,0.00152083,0.0108166
#[v_choice,4]
%0.000758661,0.00196813,0.0166699,0.132775,0.14002,0.192787,0.0950507,0.145266,0.182933,0.0496824,0.0144563,0.00757628,0.00845044,0.00335646,0.00466691,0.00259403,0.000402932,0.000295986,0.000227901,6.23793e-05,2.05922e-08
#[v_choice,5]
%0.000459206,0.0044228,0.0279155,0.122686,0.0653737,0.185923,0.0964799,0.136547,0.0652516,0.0934077,0.114477,0.0283838,0.0154663,0.022481,0.00851157,0.00529294,0.0015442,0.00155643,0.0014,0.000859882,0.00156106
#[v_choice,6]
%0,6.84842e-13,0.000332637,0.000763306,0.288656,0.0501913,0.119884,0.184427,0.0903214,0.0694994,0.0735153,0.0253573,0.00823435,0.0112082,0.00273111,0.0647759,0.00814003,0.00166966,2.57606e-05,6.20221e-05,0.000205786
#[v_choice,7]
%0.000581604,0.00142622,0.0109976,0.0237496,0.0253285,0.0321514,0.0577808,0.100464,0.0999797,0.0649458,0.144136,0.137874,0.119607,0.0499062,0.0672992,0.0436095,0.00684654,0.0031387,0.00146396,0.00332629,0.00538782
#[v_choice,8]
%0.00126663,0.000284008,0.00924028,0.0243071,0.0308348,0.0355397,0.0753678,0.107655,0.104323,0.064103,0.153202,0.135097,0.100838,0.0423882,0.0653015,0.0343907,0.00452231,0.00176583,0.0024449,0.00181038,0.0053179
#[v_choice,9]
%0.00073295,0.00276684,0.0250977,0.0235333,0.0537267,0.0318217,0.126112,0.0885989,0.110342,0.0696474,0.150056,0.12015,0.074881,0.0357872,0.0459737,0.0217341,0.00485662,0.00222784,0.00172248,0.00188271,0.00834895
#[v_choice,10]
%0,0,0,1.81982e-06,6.1398e-05,8.10433e-05,0.000243822,0.000679995,0.327634,0.20586,0.273262,0.0543279,0.0402648,0.0233239,0.00594962,0.00886799,0.00555971,0.00464637,0.00424807,0.00194994,0.0430379
#[v_choice,11]
%0.000200037,8.62417e-05,0.00697256,0.0141923,0.53229,0.14555,0.0984642,0.0666317,0.0239626,0.044119,0.0268043,0.00784017,0.0025769,0.00243925,0.00394568,0.00275449,0.00511933,0.00187949,0.00183451,0.00152084,0.0108166
#[v_choice,12]
%0.000781022,0.00206723,0.0143192,0.0950577,0.0984262,0.184235,0.104653,0.127849,0.197756,0.0815448,0.032305,0.0214162,0.0166902,0.00731773,0.00839285,0.00362469,0.00107792,0.000361466,0.000643074,0.000941727,0.000540467
#[v_choice,13]
%0.000227353,0.000633238,0.00224167,0.0124063,0.0109526,0.0447969,0.0928856,0.105154,0.101849,0.19468,0.12775,0.11312,0.077727,0.0288867,0.0415064,0.0240513,0.00494956,0.00255391,0.00257552,0.00338839,0.00766496
#[v_choice,14]
%5.91089e-14,9.13759e-07,2.79814e-07,5.81735e-06,0.00215985,0.00222422,0.379479,0.298588,0.0990423,0.066303,0.0616705,0.0192084,0.0197069,0.0213168,0.00500684,0.00694433,0.00103313,0.00145715,0.000528221,0.00076277,0.0145618
#[v_choice,15]
%0.000976126,0.000961306,0.00704911,0.00807499,0.0954884,0.149342,0.109523,0.133061,0.306219,0.0706352,0.0520935,0.0273694,0.00870189,0.0123674,0.0108677,0.00169623,0.0011911,0.000627445,0.000952457,0.00151897,0.00128378
#[v_choice,16]
%0.00312863,0.00163759,0.0140684,0.00570485,0.259804,0.0964149,0.0799931,0.171034,0.200762,0.0351298,0.0452093,0.0330059,0.015093,0.0150746,0.015124,0.00296225,0.00156717,0.00103106,0.00182181,0.000883691,0.0005499
#[v_choice,17]
%0.000188428,0.00085937,0.0039263,0.0177614,0.010646,0.144502,0.1468,0.0993066,0.152766,0.285583,0.0644263,0.0212623,0.0216681,0.00646096,0.0084292,0.00842111,0.00126203,0.000401405,0.00344312,0.000979557,0.000906685
#[v_choice,18]
%9.24132e-05,0.000963749,0.0144632,0.00629985,0.537552,0.119339,0.0905523,0.0765785,0.0265837,0.0401847,0.0316355,0.00719275,0.00199108,0.00226646,0.0011165,0.00646118,0.0152265,0.00237846,0.00176014,0.000143817,0.0172186
#[v_choice,19]
%1.20538e-14,1.42699e-05,0.0015245,0.0115268,0.113488,0.137478,0.119564,0.160904,0.263461,0.0533905,0.0523097,0.0327073,0.0121769,0.0161885,0.0135422,0.00318316,0.00176987,0.00166536,0.00137709,0.00146622,0.00226229
#[v_choice,20]
%8.7203e-05,0.000558995,0.00767029,0.0215394,0.094604,0.2213,0.113999,0.164384,0.207779,0.0522043,0.0288282,0.0425474,0.016046,0.0100098,0.00292585,0.00294581,0.0027039,0.00164846,0.00304391,0.00375267,0.00142167
#[v_choice,21]
%0,0,0,0,0,0.00733037,9.07742e-05,3.79202e-07,1.83342e-09,9.10732e-14,0,0,2.81429e-18,0.0793903,6.27842e-05,2.03752e-07,1.41713e-08,0.0355074,0.189676,0.300993,0.386949
#[v_choice,22]
%0.00105864,0.00297124,0.018354,0.0900958,0.0922738,0.147697,0.0763834,0.126667,0.176977,0.0839816,0.0443527,0.0394964,0.0413987,0.00987196,0.0195779,0.0128175,0.0037168,0.00125929,0.0027797,0.00261013,0.00565905
#[v_choice,23]
%0.000822217,0.0036195,0.0372604,0.0318033,0.0482676,0.0368392,0.211684,0.158508,0.13052,0.0445445,0.118247,0.0721039,0.0407646,0.0160802,0.0241111,0.0135304,0.00403704,0.00260883,0.00149376,0.00239226,0.000762683
#[v_choice,24]
%0.000379979,0.00368774,0.0272317,0.00079327,0.446936,0.090049,0.128447,0.0971039,0.0466577,0.0475583,0.0500633,0.00966499,0.00502215,0.00329095,0.0058098,0.00281892,0.00175383,0.00605048,0.00170419,0.00625418,0.0187226
#[v_choice,25]
%0.000164766,0.00121183,0.00680944,0.0147625,0.0468125,0.0746258,0.0627177,0.104562,0.14871,0.117707,0.0485996,0.0700729,0.0781339,0.105204,0.045051,0.0193584,0.0404927,0.00372622,0.00195357,0.00128066,0.00804369
#[v_choice,26]
%0,0,0,0,0,0,0,0,0,0,0,0,0,0,0,0,0,0,0,0,1
#[v_choice,27]
%3.98094e-35,0,0,2.57898e-13,4.51893e-09,0.000135035,0.000248302,6.06506e-05,0.28815,0.00240683,0.309821,0.000274446,0.255423,0.143255,6.62056e-05,5.401e-09,6.15532e-12,0.000159563,2.11109e-08,1.3462e-12,7.35976e-17
#[v_choice,28]
%0.000107162,7.17166e-06,0.000238168,0.013844,0.173875,0.252485,0.102976,0.138115,0.177709,0.0443061,0.0240281,0.0350144,0.0135911,0.00833347,0.00241822,0.00242009,0.00239548,0.00139185,0.00250595,0.00307463,0.00116402
#[v_choice,29]
%0.000705994,0.00343745,0.0159265,0.113322,0.120027,0.152222,0.0939853,0.0998711,0.190175,0.0856259,0.042359,0.0327397,0.022249,0.0081178,0.00842575,0.00635208,0.00261975,0.000643636,0.000303651,0.000423073,0.000468791
#[v_choice,30]
%0.000714145,0.00126425,0.00814077,0.00867907,0.132955,0.213469,0.153706,0.205714,0.18236,0.0371103,0.0220566,0.0132032,0.00453147,0.00768098,0.00457462,0.00102576,0.0004123,0.000408011,0.000665178,0.000464983,0.000864428
#[v_choice,31]
%7.17302e-05,0.000179404,0.0046601,0.044693,0.0267814,0.0834017,0.161687,0.22106,0.174454,0.0806427,0.107294,0.0162997,0.0465967,0.00891963,0.0107167,0.00354687,0.00221512,0.000714523,0.000331677,0.00056119,0.00517307
#[v_choice,32]
%0,0,0,0,0.499475,0.000522418,5.75113e-08,2.78955e-13,1.78189e-18,0,0.00730136,2.9999e-06,2.96373e-16,0,0.492618,8.00865e-05,1.01642e-08,9.6039e-13,7.0127e-17,6.0193e-20,6.19857e-24
#[v_choice,33]
%2.08191e-05,0.000539458,0.010845,0.0130065,0.22798,0.18776,0.15278,0.143245,0.0669705,0.0797696,0.0346893,0.0103252,0.00347258,0.00620885,0.00911048,0.00523061,0.00624588,0.00198041,0.00223139,0.0124257,0.0251628
#[v_choice,34]
%0.000835905,0.00194166,0.00639576,0.0137286,0.0192476,0.0871886,0.121501,0.09077,0.128272,0.318101,0.0741134,0.0504559,0.0311295,0.0146696,0.0141784,0.0154456,0.00591817,0.00101197,0.000281507,0.00479238,2.09726e-05
#[v_choice,35]
%0.0012469,0.00330695,0.0010561,0.000586533,0.188197,0.166982,0.0153917,0.611869,0.0101583,0.000641123,0.000512349,4.30084e-06,4.50029e-10,4.06699e-05,9.38762e-07,1.4006e-06,4.65884e-11,1.58133e-06,2.69191e-06,1.43925e-10,1.79115e-08
#[v_choice,36]
%0.000732949,0.00276684,0.0250977,0.0235333,0.0537267,0.0318217,0.126112,0.0885989,0.110342,0.0696474,0.150056,0.12015,0.074881,0.0357872,0.0459738,0.0217341,0.00485663,0.00222785,0.00172249,0.00188273,0.00834896
#[v_choice,37]
%0.000262047,0.000514906,0.0152712,0.0192812,0.0249053,0.0190002,0.135539,0.114053,0.0818362,0.123378,0.180479,0.124176,0.0649529,0.0218404,0.0360632,0.023468,0.00363352,0.000995242,0.00141657,0.00210486,0.00683012
#[v_choice,38]
%0.000307022,0.000740044,0.011676,0.00936469,0.11724,0.138592,0.0937582,0.13848,0.285918,0.0767351,0.0551515,0.0337919,0.0129996,0.0148225,0.00695282,0.00173388,0.000606225,0.000609923,0.000378379,9.4249e-05,4.881e-05
#[v_choice,39]
%0.00103745,0.000697587,0.00835762,0.00522804,0.00980938,0.107385,0.107005,0.0950474,0.155815,0.305208,0.0528791,0.0592686,0.0330328,0.00790575,0.0204818,0.0178755,0.000975088,0.000986412,0.00141886,0.000735273,0.00884963
#[v_choice,40]
%6.37719e-07,0.00029802,0.00292273,0.0115202,0.171745,0.110424,0.174774,0.235978,0.120308,0.0446338,0.0356475,0.0340763,0.0127126,0.0133002,0.014303,0.00338421,0.00116164,0.00146268,0.000594336,0.000709653,0.0100439
#[v_choice,41]
%0.000188428,0.00085937,0.0039263,0.0177614,0.010646,0.144502,0.1468,0.0993065,0.152766,0.285583,0.0644263,0.0212623,0.0216682,0.00646099,0.00842924,0.00842114,0.00126204,0.000401411,0.00344314,0.000979566,0.000906694
#[v_choice,42]
%0.00100697,0.00382413,0.0225373,0.181784,0.176673,0.153632,0.071896,0.0987468,0.133686,0.0675174,0.0246866,0.0195038,0.0186507,0.00692136,0.00721801,0.00775329,0.00183429,0.000629529,0.000792571,0.000322038,0.00038447
#[v_choice,43]
%0.000164766,0.00121183,0.00680944,0.0147625,0.0468126,0.0746258,0.0627177,0.104562,0.14871,0.117707,0.0485996,0.0700729,0.0781339,0.105204,0.045051,0.0193584,0.0404927,0.00372621,0.00195356,0.00128066,0.00804367
#[v_choice,44]
%0.000781298,0.00335345,0.0159798,0.122735,0.058481,0.169829,0.0925234,0.134827,0.0801994,0.139042,0.0334323,0.033247,0.0434732,0.0334379,0.0085803,0.0209567,0.00460261,0.00113703,0.000542469,0.00161096,0.00122793
#[v_choice,45]
%2.88708e-06,2.19859e-05,0.00303579,0.022825,0.0653348,0.130761,0.150137,0.0816261,0.187098,0.137757,0.0950438,0.0386317,0.0446397,0.0282087,0.00560764,0.00192882,0.00193325,0.00178105,0.00109632,0.00152619,0.00100487
#[v_choice,46]
%0,0,0,0,0,0,2.99856e-10,3.60315e-13,1.21688e-15,2.33289e-07,1.34067e-06,3.48658e-09,0.999869,0.000128769,2.44732e-07,6.3421e-10,6.20047e-14,2.66775e-17,8.28754e-22,1.79695e-26,2.54174e-32
#[v_choice,47]
%0,0,1,0,0,0,0,0,0,0,0,0,0,0,0,0,0,0,0,0,0
#[v_choice,48]
%7.4459e-08,2.81491e-08,1.72953e-06,1.43489e-06,0.000571508,0.0598979,0.147686,0.204531,0.146775,0.117895,0.160195,0.040776,0.00819026,0.0085647,0.010779,0.0117413,0.0109368,0.0044632,0.00423412,0.00547222,0.0572886
#[v_choice,49]
%0,0,0,0,0,0,0,0,0,0,0,0,0,0,0,0,0,0,0.143698,0.325414,0.530888
#[v_choice,50]
%0.000581604,0.00142622,0.0109976,0.0237496,0.0253285,0.0321514,0.0577808,0.100464,0.0999797,0.0649458,0.144136,0.137874,0.119607,0.0499062,0.0672992,0.0436095,0.00684656,0.00313872,0.00146398,0.00332631,0.00538783
#[v_choice,51]
%0.000629749,0.000608258,0.00632835,0.00984655,0.0103732,0.0574601,0.0465036,0.178362,0.0903589,0.201543,0.0543135,0.120335,0.0472125,0.0652865,0.0545627,0.0351425,0.00863242,0.00413562,0.00335571,0.00303227,0.00197798
#[v_choice,52]
%0.00354108,0.00339086,0.00565945,0.00744078,0.00714425,0.181653,0.139103,0.0970528,0.113477,0.182678,0.0493977,0.0741368,0.0588778,0.0177593,0.0230134,0.0172513,0.00412923,0.00121475,0.000916442,0.00347253,0.00869068
#[v_choice,53]
%0,0,0,0,0,0,0,1.06413e-09,0,0.997753,0.00223511,2.17885e-07,1.19881e-05,1.10585e-11,1.98021e-17,1.06965e-21,3.24722e-24,2.42711e-28,2.54887e-34,4.02418e-38,5.96069e-42
#[v_choice,54]
%4.67679e-13,6.64618e-05,0.0192349,0.133725,0.196168,0.102389,0.119803,0.0794799,0.0329108,0.0109293,0.0162525,0.0111054,0.00156867,0.00270287,0.00394197,0.0139909,0.0656086,0.0289575,0.0277224,0.0400696,0.0933737
#[v_choice,55]
%0.000365224,0.00170269,0.00370156,0.0154786,0.0136191,0.130981,0.180936,0.0923753,0.190466,0.233583,0.0449583,0.0316417,0.0246873,0.00830134,0.0122456,0.00950252,0.00215481,0.000596694,0.000683018,0.000336878,0.0016836
#[v_choice,56]
%0.0017145,0.00102063,0.00544447,0.0108181,0.0172241,0.0505931,0.11353,0.0922504,0.0965483,0.125524,0.156203,0.125367,0.0762472,0.0334908,0.0453772,0.0277752,0.00625621,0.00220216,0.00164222,0.00405199,0.00671929
#[v_choice,57]
%0.000629749,0.000608258,0.00632835,0.00984655,0.0103732,0.05746,0.0465036,0.178362,0.0903589,0.201543,0.0543135,0.120335,0.0472125,0.0652865,0.0545628,0.0351425,0.00863244,0.00413563,0.00335573,0.00303229,0.00197799
#[v_choice,58]
%0.000568633,0.00533032,0.0343988,0.144056,0.0719439,0.203761,0.100494,0.141804,0.0614835,0.0862445,0.10111,0.0201598,0.00928909,0.0131343,0.00393441,0.0018263,0.000248525,6.01635e-05,9.63558e-05,2.96561e-05,2.69494e-05
#[v_choice,59]
%0.00120199,3.8706e-05,0.00381661,0.00333721,0.0894135,0.123799,0.133756,0.161911,0.276233,0.0790927,0.0611242,0.0214847,0.0156513,0.0136167,0.00719808,0.00160037,0.000728972,8.0861e-07,9.75986e-10,0.00374881,0.00224652
#[v_choice,60]
%3.12111e-05,0.00386102,0.0416495,0.0702636,0.0341139,0.272933,0.179916,0.10435,0.0432808,0.0656129,0.0365023,0.0122909,0.00716665,0.00401955,0.0063997,0.00203807,0.00692447,0.00329912,0.0242876,0.0534228,0.027637
#[v_choice,61]
%0.000568633,0.00533032,0.0343988,0.144056,0.0719439,0.203761,0.100494,0.141804,0.0614835,0.0862445,0.10111,0.0201598,0.00928909,0.0131343,0.00393441,0.0018263,0.000248525,6.01635e-05,9.63558e-05,2.96561e-05,2.69494e-05
#[v_choice,62]
%0.00010981,0.000265585,0.00755689,0.0444415,0.0688003,0.169068,0.105441,0.205527,0.212205,0.11241,0.0282089,0.00594809,0.00484943,0.00238476,0.000230152,3.32394e-05,1.20678e-05,3.59329e-05,1.29448e-05,0.0005323,0.031927
#[v_choice,63]
%0,0,0,0,0,0,0,0,0,0,0,0,0.581548,0.418386,6.57786e-05,2.61231e-08,2.82847e-11,5.54541e-15,2.19734e-20,1.66357e-25,2.35971e-29
#[v_choice,64]
%7.47789e-12,0.126591,0.00646887,0.00288678,0.81913,0.0440066,0.000867201,4.24308e-05,3.69522e-06,2.73772e-06,7.05155e-08,3.06218e-09,2.19099e-09,4.2353e-10,2.93225e-09,8.62967e-13,8.27943e-16,6.86988e-09,5.16922e-14,2.31823e-10,6.23358e-18
#[v_choice,65]
%1.51254e-16,1.96867e-15,3.35933e-08,1.51171e-09,3.90822e-07,7.96033e-06,3.27767e-07,3.03031e-08,9.06216e-10,0.0670483,7.43901e-05,8.94001e-06,2.06306e-07,2.84526e-11,1.58665e-17,1.47043e-29,1.04783e-08,8.76052e-06,0.0143545,0.0345547,0.883941
#[v_choice,66]
%0,0,0,0,0,0,0,1.06413e-09,0,0.997753,0.00223511,2.17158e-07,1.19868e-05,0,0,0,0,0,0,0,0
#[v_choice,67]
%0.000410369,0.00165353,0.00340539,0.0175708,0.030971,0.109278,0.0804363,0.115696,0.137257,0.0832447,0.117351,0.095235,0.0874288,0.0319497,0.0398533,0.0197594,0.00676966,0.00285708,0.00226652,0.00260103,0.0140068
#[v_choice,68]
%0.0120149,0.0012189,0.00979011,0.0239744,0.0259587,0.0753254,0.0843591,0.116493,0.128579,0.07089,0.158223,0.113954,0.0780151,0.0316401,0.0365149,0.0229755,0.00456968,0.00157345,0.00157887,0.00145546,0.000896084
#[v_choice,69]
%7.28807e-07,0.0020829,0.00429643,0.0219991,0.505416,0.153605,0.103099,0.0735448,0.0152173,0.0353505,0.0302167,0.00421726,0.00190724,0.00126677,0.00512356,3.96551e-06,0.00167517,0.00686449,0.00405549,0.00184245,0.0282153
#[v_choice,70]
%0.000192011,0.000453599,0.00350444,0.130406,0.0620432,0.235917,0.099263,0.140158,0.119671,0.0775644,0.0203889,0.00931517,0.00748263,0.0077464,0.00457117,0.0218456,0.0092758,0.0172338,0.0043659,0.00442094,0.0241811
#[v_choice,71]
%4.4347e-08,0.00182335,0.00822875,0.107213,0.261434,0.153469,0.21103,0.105267,0.0272744,0.00956751,0.00993954,0.00578595,0.00903005,0.00955353,0.0121271,0.0120311,0.00847955,0.00184605,0.00215838,0.0108444,0.0328983
#[v_choice,72]
%0.000275335,0.00161232,0.00716712,0.023616,0.012928,0.143687,0.131026,0.0764585,0.134183,0.3048,0.0611222,0.0371988,0.0255086,0.009181,0.0126333,0.0127847,0.00383434,0.000629718,0.000745333,0.000375314,0.000233114
#[v_choice,73]
%0.000478162,0.00193987,0.0203768,0.0291107,0.0392656,0.0259179,0.150671,0.109777,0.077471,0.114211,0.171189,0.102302,0.059682,0.0234717,0.0335275,0.0236848,0.00427182,0.00177014,0.00238203,0.00304436,0.00545584
#[v_choice,74]
%0,0,0,0,1.08686e-05,2.59348e-05,5.39284e-07,8.21293e-10,3.69187e-10,0,0,0,0,0,0,0,0,0,0,0,0.999963
#[v_choice,75]
%0.000213394,4.3043e-05,0.00102,0.0219998,0.0650167,0.153077,0.24648,0.109675,0.226699,0.0751167,0.0801212,0.010143,0.00740454,0.00218686,0.000208663,0.000399794,6.01113e-05,7.86284e-05,4.32367e-05,3.5677e-07,1.17419e-05
#[v_choice,76]
%0.00884436,0.000564979,0.118362,0.181918,0.0224985,0.111478,0.183919,0.0394744,0.14725,0.0575967,0.0342927,4.30891e-05,2.26776e-08,0.0258685,3.48484e-05,0.0674048,0.000449535,8.82944e-08,1.25943e-11,9.71619e-14,1.74754e-16
#[v_choice,77]
%0,3.22561e-13,0.0376648,0.000986662,0.0398731,0.0662493,0.0581857,0.096257,0.0739657,0.157899,0.192725,0.0494648,0.0480963,0.0248486,0.0247558,0.0369302,0.0255711,6.04519e-05,0.0213304,1.02789e-05,0.0451262
#[v_choice,78]
%0.000735072,0.000510892,0.0031168,0.00798055,0.00351081,0.039629,0.063307,0.145436,0.0834708,0.165664,0.200381,0.141157,0.0586119,0.0220422,0.0304508,0.0183956,0.00493289,0.00259117,0.0015291,0.00169403,0.00485368
#[v_choice,79]
%0.0553843,4.13694e-05,0.0575202,0.00719237,0.221911,0.219567,0.0232213,0.0735489,0.0401924,0.079598,1.05206e-05,1.81919e-06,1.58043e-09,0.0150359,0.0235942,3.79041e-05,0.0605977,3.74446e-05,0.0597929,8.07644e-05,0.0626343
#[v_choice,80]
%8.296e-12,0.000188066,0.0136148,0.0149485,0.516291,0.145392,0.106011,0.0788369,0.0214999,0.0282724,0.0331619,0.0109139,0.000889699,0.00380011,7.4627e-07,0.000745775,1.46679e-06,0.00628159,0.00455179,0.000882435,0.0137161
#[v_choice,81]
%0.00312863,0.00163759,0.0140684,0.00570485,0.259804,0.0964148,0.0799931,0.171034,0.200762,0.0351299,0.0452094,0.0330059,0.0150931,0.0150746,0.015124,0.00296226,0.00156718,0.00103107,0.00182182,0.000883697,0.000549904
#[v_choice,82]
%0.000204154,0.00256108,0.0264578,0.0647622,0.0600796,0.121856,0.12016,0.0987382,0.134224,0.216993,0.043758,0.0427389,0.026781,0.00983989,0.0127581,0.0109873,0.00257646,0.00143405,0.000914581,0.00101362,0.0011629
#[v_choice,83]
%1.03406e-05,0.000235477,0.00549478,0.00736621,0.0925928,0.127421,0.0957296,0.126283,0.314065,0.0814243,0.0413599,0.0366551,0.0208401,0.0128333,0.0233473,0.00528804,0.0017101,0.000776202,0.00217608,0.00062718,0.00376398
#[v_choice,84]
%0.0012669,0.00568916,0.00960056,0.0105726,0.0118447,0.109753,0.14886,0.0986023,0.189055,0.282131,0.0544243,0.0315492,0.0254153,0.00557458,0.0105136,0.00475125,0.000373766,1.35569e-07,3.82713e-11,2.15404e-05,1.10345e-06
#[v_choice,85]
%0.000229514,0.000891432,0.000612116,0.000565152,0.248543,0.383879,0.0972559,0.0548964,0.0838796,0.0319006,0.0201538,0.00591914,0.00598664,0.00550097,0.00335519,0.00620143,0.00764588,0.00289687,0.00700762,0.0177193,0.0149597
#[v_choice,86]
%0.000229514,0.000891432,0.000612116,0.000565152,0.248543,0.383879,0.0972559,0.0548964,0.0838796,0.0319006,0.0201538,0.00591914,0.00598664,0.00550097,0.00335519,0.00620143,0.00764589,0.00289687,0.00700762,0.0177193,0.0149597
#[v_choice,87]
%0.000158708,0.000332797,0.00753036,0.0264366,0.0139222,0.178582,0.16128,0.0869317,0.176923,0.22095,0.0463908,0.0278416,0.0207898,0.00744526,0.00815286,0.0103196,0.0016059,0.000900311,0.00146817,0.00190468,0.000133601
#[v_choice,88]
%0.00155228,0.00471346,0.00815029,0.0256803,0.184771,0.246267,0.227506,0.16745,0.0420915,0.035017,0.0376453,0.00656656,0.00159764,0.00164791,0.000148667,0.000218887,0.00277236,6.17121e-06,2.81393e-05,4.69136e-07,0.00616997
#[v_choice,89]
%0.000221182,9.52425e-05,0.00770778,0.0148372,0.569984,0.156681,0.0991296,0.0592241,0.0189317,0.0389719,0.0199273,0.00603089,0.00250291,0.00140282,0.00230066,0.000392328,0.000677685,0.000770162,0.000126929,4.05689e-05,4.41254e-05
#[v_choice,90]
%5.29815e-05,0.000741729,0.0115012,0.0296517,0.0405637,0.139053,0.103868,0.0889159,0.128361,0.280263,0.0444228,0.0490438,0.0278462,0.0115422,0.0210308,0.0116154,0.00610894,6.38733e-06,0.00110528,0.00170735,0.00259947
#[v_choice,91]
%0.000188428,0.00085937,0.0039263,0.0177614,0.010646,0.144502,0.1468,0.0993066,0.152766,0.285583,0.0644263,0.0212623,0.0216681,0.00646096,0.0084292,0.00842111,0.00126203,0.000401405,0.00344312,0.000979557,0.000906685
#[v_choice,92]
%0.000116707,0.00183507,0.0154744,0.125204,0.100755,0.197129,0.0984397,0.130062,0.172581,0.0793506,0.0302699,0.0129323,0.0124721,0.00694398,0.00483562,0.00474009,0.00397843,0.000420995,0.00226257,0.000196682,6.05898e-08
#[v_choice,93]
%9.01774e-05,0.00330675,0.0494016,0.0921416,0.0633758,0.0743721,0.171206,0.164457,0.173569,0.0747519,0.0414757,0.0302573,0.0376004,0.00908074,0.00194816,0.00211901,0.00269975,0.00304531,0.00293018,0.00118284,0.000987766
#[v_choice,94]
%0.000359444,0.00076701,0.00122251,0.00728193,0.0777105,0.28429,0.220772,0.153561,0.0647411,0.075053,0.0474176,0.00966713,0.00326862,0.00325957,0.00298718,0.00183642,0.00255275,0.00168038,0.011867,0.00998275,0.0197221
#[v_choice,95]
%0.00171226,0.00175088,0.0194392,0.0336983,0.0309872,0.0648508,0.0560796,0.107627,0.194942,0.10611,0.194033,0.0632923,0.0815287,0.0161426,0.012358,0.00697163,0.0018235,0.00217388,0.00167043,0.00145191,0.00135637
#[v_choice,96]
%0.00126663,0.000284008,0.00924028,0.0243071,0.0308348,0.0355397,0.0753678,0.107655,0.104323,0.064103,0.153202,0.135097,0.100838,0.0423882,0.0653015,0.0343907,0.00452233,0.00176585,0.00244492,0.0018104,0.00531792
#[v_choice,97]
%0.000822217,0.0036195,0.0372604,0.0318033,0.0482676,0.0368392,0.211684,0.158508,0.13052,0.0445445,0.118247,0.0721039,0.0407646,0.0160802,0.0241111,0.0135304,0.00403703,0.00260882,0.00149375,0.00239226,0.00076268
#[v_choice,98]
%0,0,0,0,3.31726e-12,0.00170006,4.0794e-05,0.00108421,0.026117,0.145863,0.350234,0.109914,0.157639,0.134023,0.0157916,0.0059065,0.0324144,0.00742178,0.00487318,0.00456769,0.0024088
#[v_choice,99]
%9.92383e-06,0.000225986,0.00527332,0.00706933,0.0888631,0.124602,0.0935309,0.122817,0.308072,0.0789989,0.0464342,0.0399312,0.0238497,0.0136142,0.0221224,0.00577547,0.00251789,0.00113103,0.00226969,0.00169705,0.0111937
#[v_choice,100]
%4.96163e-05,8.26303e-06,0.0061468,0.0036775,0.347847,0.079886,0.0553429,0.0181133,0.00660454,0.00742838,0.000145442,0.0776136,0.00514879,0.00148169,0.0085019,0.00299193,0.0060525,0.0035482,3.76367e-06,5.96837e-08,0.369408
#[v_choice,101]
%1.1186e-06,0.0110549,0.000183368,0.0296011,0.00598482,0.130543,0.0682261,0.0983401,0.160527,0.324159,0.063056,0.0262515,0.0454745,0.0172369,0.011039,1.49536e-05,2.21092e-07,1.04932e-10,1.07629e-13,0.00830358,2.76529e-06
#[v_choice,102]
%0.000704837,0.00343182,0.0159,0.111693,0.119463,0.151808,0.093767,0.0996895,0.189107,0.0862221,0.042357,0.0340277,0.0232009,0.0089179,0.00822719,0.00630346,0.00223175,0.000754775,0.000479775,0.000770206,0.000942845
#[v_choice,103]
%0.000313765,0.00311957,0.0323163,0.0362372,0.047167,0.0271397,0.172271,0.0931358,0.0720658,0.109523,0.144588,0.100073,0.0583469,0.0240284,0.0384044,0.0268899,0.0024368,0.00157081,0.000888384,0.00364802,0.00583583
#[v_choice,104]
%1.94616e-05,0.000303611,0.0453708,0.063358,0.0387749,0.048868,0.1709,0.0815625,0.0836518,0.126624,0.120074,0.108712,0.0179846,0.031086,0.021339,0.0136331,0.0118999,0.00251139,0.00201584,0.0024069,0.00890472
#[v_choice,105]
%0.000277943,0.000193612,0.0168045,0.00776292,0.503774,0.113784,0.117704,0.0782235,0.0300686,0.0405989,0.0345634,0.00826978,0.00428859,0.00411715,0.00343979,0.00367385,0.00567382,0.00477638,0.00658381,0.00115807,0.0142628
#[v_choice,106]
%1.07687e-07,0.00144389,0.00847884,0.0105116,0.483823,0.107803,0.0670358,0.056943,0.015391,0.0270056,0.0121233,0.008744,2.53758e-06,6.24341e-10,0.000133056,9.99817e-06,3.36104e-06,0.179344,0.00566939,0.00309602,0.0124375
#[v_choice,107]
%0.000148669,0.00163329,0.0109619,0.0301843,0.0261332,0.122804,0.112579,0.0763529,0.135129,0.301092,0.0632286,0.049785,0.0273624,0.00924991,0.0128074,0.00959156,0.00449934,0.000690728,0.00176036,0.000755622,0.00325012
#[v_choice,108]
%7.67177e-05,0.00127891,0.0105517,0.045723,0.0317413,0.167331,0.133751,0.108465,0.108508,0.249556,0.0578171,0.0300944,0.00738768,0.0147108,0.00732186,0.00850076,0.00399922,0.00217057,0.000800601,0.00303143,0.00718301
#[v_choice,109]
%0.000665042,0.00323806,0.0150068,0.105398,0.114019,0.148006,0.0921112,0.0972579,0.188651,0.0844863,0.0421258,0.0348379,0.0264415,0.00860967,0.0132949,0.0138386,0.00327257,0.00182012,0.00201053,0.00215753,0.00275236
#[v_choice,110]
%0.000582479,0.000612723,0.00164163,0.00941101,0.0174177,0.0385728,0.0773788,0.142448,0.0892255,0.17605,0.165952,0.100923,0.0657929,0.023968,0.0373842,0.0218634,0.00778577,0.00488744,0.00242804,0.00263301,0.0130416
#[v_choice,111]
%0.000164766,0.00121183,0.00680944,0.0147625,0.0468126,0.0746258,0.0627177,0.104562,0.14871,0.117707,0.0485996,0.0700729,0.0781339,0.105204,0.045051,0.0193584,0.0404927,0.00372621,0.00195356,0.00128066,0.00804367
#[v_choice,112]
%0.000159461,0.000874606,0.00702916,0.0598871,0.0880759,0.0854533,0.105141,0.142286,0.15611,0.0402545,0.0926244,0.0772264,0.0684301,0.021457,0.0235686,0.0179188,0.00432808,0.00149752,0.00171972,0.00124309,0.00471593
#[v_choice,113]
%0,1.39868e-05,0.0113158,0.00850047,0.458594,0.11299,0.0714476,0.0561314,0.0210729,0.0240843,0.0305412,0.00475799,0.00270545,0.00445508,0.00579708,0.00040674,0.00552925,1.3633e-06,3.4472e-05,6.11893e-07,0.18162
#[v_choice,114]
%7.28812e-07,0.0020829,0.00429643,0.0219991,0.505416,0.153605,0.103099,0.0735448,0.0152173,0.0353505,0.0302167,0.00421726,0.00190724,0.00126677,0.00512356,3.9655e-06,0.00167517,0.00686449,0.00405549,0.00184245,0.0282152
#[v_choice,115]
%1.74023e-05,3.65547e-05,1.86128e-05,1.55397e-05,0.000384885,0.00239486,0.000815535,0.000294927,0.000239607,0.000127197,2.48565e-05,2.01958e-05,3.93874e-05,1.04915e-06,5.12034e-06,8.0425e-09,4.19941e-08,4.6321e-19,1.87084e-21,0.0950326,0.900532
#[v_choice,116]
%0.00313855,8.109e-06,0.000459702,0.0314741,0.0745023,0.223331,0.160498,0.152998,0.173243,0.0903376,0.049292,0.00459026,0.0120681,0.00628713,0.0120039,1.58826e-06,2.74552e-07,2.385e-10,0.00224212,0.00351776,5.65127e-06
#[v_choice,117]
%0.000773387,0.00210399,0.00619816,0.00581154,0.12151,0.225137,0.148405,0.186465,0.191796,0.0452093,0.027762,0.0181649,0.00373084,0.00740432,0.0064117,0.000899818,0.000421399,0.000281936,0.00113976,8.82054e-07,0.000372437
#[v_choice,118]
%1.17239e-11,0.00182261,0.0193395,0.0292701,0.0197338,0.0143682,0.129055,0.128934,0.0734423,0.106946,0.181635,0.113528,0.0755715,0.0260542,0.0388329,0.0231578,0.00614873,0.00270071,0.00106747,0.00346651,0.00492518
#[v_choice,119]
%7.57651e-13,0.000630305,0.0162167,0.0284381,0.261041,0.203725,0.146359,0.177903,0.0473083,0.0808794,0.0297321,0.00228394,0.00112137,0.00165882,0.00103757,1.9819e-07,0.000862795,0.000610791,1.35018e-05,3.97154e-05,0.000138216
#[v_choice,120]
%0.00043006,0.00100525,0.00126309,0.00533799,0.00447171,0.116868,0.12363,0.0907393,0.138224,0.32545,0.0666178,0.0460596,0.0274639,0.0122636,0.0174449,0.0110892,0.00249759,0.000955088,0.00172643,0.00231158,0.00415098
#[v_choice,121]
%0.000245711,0.00126765,0.0029219,0.0149675,0.0133107,0.16074,0.14835,0.112936,0.157386,0.240079,0.0483894,0.0313226,0.0096082,0.0035734,0.00374298,7.16415e-05,0.0428239,0.00295696,0.000843062,0.0031136,0.00135011
#[v_choice,122]
%0,0,0,0,0,0,0,0,0,0,0,0,0,0,0,0,0,0,0,0,1
#[v_choice,123]
%0.000262047,0.000514906,0.0152712,0.0192812,0.0249053,0.0190002,0.135539,0.114053,0.0818362,0.123377,0.180479,0.124176,0.0649529,0.0218404,0.0360632,0.0234681,0.00363354,0.000995252,0.00141658,0.00210487,0.00683014
#[v_choice,124]
%0.00162287,0.00083079,0.00702573,0.0312795,0.0121095,0.214126,0.157795,0.086853,0.232993,0.129043,0.042118,0.0271038,0.025623,0.00774601,0.00812993,0.00919805,0.0021494,0.00296596,0.00044139,0.000621365,0.000225075
#[v_choice,125]
%0.000600856,0.000507477,0.0140301,0.0238435,0.040854,0.0233502,0.0633666,0.0794263,0.121178,0.051872,0.118257,0.160898,0.0921848,0.0222904,0.098853,0.0731045,0.00906493,0.00293367,0.00133957,0.00108836,0.000956548
#[v_choice,126]
%6.26073e-11,4.98933e-08,1.929e-05,0.000344579,0.00150437,0.00510849,0.220785,0.117725,0.268668,0.155419,0.0854833,0.0341159,0.0508087,0.0277133,0.00973031,0.00551768,0.00304437,0.00481321,0.00153059,0.00519532,0.00247495
#[v_choice,127]
%4.96264e-06,0.0043885,0.0603553,0.088103,0.0874472,0.0829446,0.107414,0.112015,0.130661,0.125833,0.0468582,0.0514933,0.0583937,0.0170865,0.00585754,0.00392673,0.00229364,0.00262936,0.00577481,0.00213176,0.00438844
#[v_choice,128]
%0,0,3.58702e-12,0.00340941,0.000466079,8.18267e-05,0.0355079,0.425955,0.0365946,0.0809129,0.163548,0.0565751,0.081487,0.0678945,0.00811609,0.00325131,0.019299,0.00625072,0.00310152,0.00321615,0.00433296
#[v_choice,129]
%8.7203e-05,0.000558995,0.00767029,0.0215394,0.094604,0.2213,0.113999,0.164384,0.207779,0.0522043,0.0288282,0.0425474,0.016046,0.0100098,0.00292585,0.00294581,0.0027039,0.00164846,0.00304391,0.00375267,0.00142167
#[v_choice,130]
%3.31945e-06,0.000706759,0.0244211,0.0147663,0.582911,0.146999,0.0520301,0.0543094,0.017173,0.0224832,0.0242703,0.0041256,0.00118642,0.00981852,0.00260647,0.00237571,0.00603105,0.00449151,0.0048525,0.00239625,0.0220416
#[v_choice,131]
%4.10472e-13,0.000341908,0.00878882,0.0170087,0.160865,0.13567,0.118195,0.17711,0.0849327,0.119536,0.0661492,0.0103107,0.00756589,0.00585818,0.00160577,5.29318e-07,0.00740123,0.0131806,0.0152744,0.0079532,0.0422515
#[v_choice,132]
%9.00415e-05,0.00134278,0.00332128,0.0162319,0.156782,0.119796,0.137642,0.262191,0.118889,0.0594093,0.0463334,0.0314849,0.0114866,0.0118893,0.00897948,0.00370447,0.000910275,0.000429484,0.000598384,0.000663106,0.00782555
#[v_choice,133]
%7.79511e-13,0.000185699,0.0020018,0.0142033,0.0174838,0.0462449,0.122374,0.120627,0.104722,0.0948428,0.139659,0.118232,0.0816202,0.0293926,0.0539766,0.0406644,0.00543596,0.00156105,0.0015453,0.000779798,0.00444805
#[v_choice,134]
%0.00313855,8.10903e-06,0.000459703,0.0314741,0.0745022,0.223331,0.160498,0.152998,0.173243,0.0903376,0.049292,0.00459027,0.0120681,0.00628716,0.012004,1.58859e-06,2.74749e-07,2.47938e-10,0.00224213,0.00351776,5.65147e-06
#[v_choice,135]
%0,3.22845e-13,0.0376648,0.000986663,0.0398731,0.0662492,0.0581857,0.096257,0.0739657,0.157899,0.192725,0.0494648,0.0480964,0.0248487,0.0247558,0.0369303,0.0255711,6.0453e-05,0.0213304,1.02795e-05,0.0451262
#[v_choice,136]
%2.6516e-07,8.5732e-05,0.00013535,8.55411e-05,0.137307,0.13492,0.0801266,0.140372,0.321593,0.0648207,0.0393872,0.027059,0.00969462,0.014564,0.0138156,0.00411087,0.000670135,0.000791351,0.00039779,0.000247404,0.00981491
#[v_choice,137]
%9.01775e-05,0.00330675,0.0494016,0.0921416,0.0633758,0.0743721,0.171206,0.164457,0.173569,0.0747519,0.0414757,0.0302573,0.0376004,0.00908076,0.00194818,0.00211903,0.00269977,0.00304533,0.00293019,0.00118284,0.00098777
#[v_choice,138]
%5.28968e-13,0.000341908,0.00878882,0.0170087,0.160865,0.13567,0.118195,0.17711,0.0849327,0.119536,0.0661492,0.0103107,0.00756589,0.00585818,0.00160577,5.29293e-07,0.00740123,0.0131806,0.0152744,0.0079532,0.0422515
#[v_choice,139]
%7.37789e-06,8.92044e-05,0.0145246,0.00865576,0.134609,0.183792,0.132636,0.152124,0.227824,0.0532974,0.0367174,0.0254722,0.00688261,0.00861352,0.00994258,0.00322487,0.00025431,0.00111058,2.17082e-07,0.000221562,7.76528e-07
#[v_choice,140]
%4.97667e-63,1.46016e-42,0.00018848,4.75665e-07,4.634e-07,4.76044e-05,0.998117,0.00161969,2.47882e-05,1.09214e-06,8.83943e-09,7.18197e-08,2.13867e-08,9.49663e-11,1.84715e-14,1.03059e-16,2.20783e-14,2.7223e-19,4.03511e-07,1.26701e-09,2.60374e-13
#[v_choice,141]
%0,0,0.0644281,0.00176931,0.802272,0.0607627,0.0563202,0.00459378,0.00242088,0.00429922,0.00263716,1.02266e-05,6.4071e-10,6.55594e-14,8.98263e-15,0,0.000186291,0.000298148,7.97979e-08,1.15444e-16,2.11028e-06
#[v_choice,142]
%0.000276008,0.00161626,0.00718463,0.0236737,0.012958,0.143843,0.129195,0.0757241,0.132205,0.305862,0.0612501,0.0372722,0.0268282,0.00960061,0.0128268,0.0121725,0.00373394,0.00115992,0.000864896,0.000960598,0.000792876
#[v_choice,143]
%0.000735072,0.000510892,0.0031168,0.00798055,0.00351081,0.039629,0.0633071,0.145436,0.0834708,0.165664,0.200381,0.141157,0.0586119,0.0220422,0.0304508,0.0183956,0.00493286,0.00259115,0.00152908,0.00169402,0.00485367
#[v_choice,144]
%0.000229514,0.000891432,0.000612115,0.000565152,0.248543,0.383879,0.0972559,0.0548964,0.0838796,0.0319006,0.0201538,0.00591914,0.00598664,0.00550097,0.00335519,0.00620143,0.00764588,0.00289687,0.00700762,0.0177193,0.0149597
@d_5_del
$Dim[3,21]
#[d_gene,0]
%0.000464872,0.00353469,0.0266918,0.0157281,0.0524549,0.0790169,0.0767885,0.0491991,0.0899216,0.073965,0.0560407,0.0575904,0.0963856,0.089908,0.0716896,0.0574791,0.0506634,0.0378454,0.00380005,0.00497914,0.00585304
#[d_gene,1]
%0.000556171,0.00459767,0.0335648,0.0178641,0.0627409,0.0879524,0.087908,0.0545814,0.105219,0.0826082,0.0591666,0.0533804,0.0624642,0.0478503,0.0425315,0.0850141,0.0675611,0.032101,0.00322254,0.00412331,0.00499213
#[d_gene,2]
%0.00409054,0.00609192,0.0523484,0.0229464,0.0886839,0.137918,0.159152,0.121253,0.173248,0.0868686,0.0441516,0.0350467,0.022484,0.0388982,0.000896631,0.00316227,0.00275943,0,0,0,0
@d_3_del
$Dim[3,21,21]
#[d_gene,0],[d_5_del,0]
%3.81263e-09,7.40373e-08,0.0206618,0.00218142,0.000848916,0.0134432,0.0275867,0.061552,0.0305208,0.0268977,0.0606037,0.0389476,0.0922686,0.0173381,0.0162233,0.182615,0.0671102,0.00241873,0.00116358,0.0186022,0.319016
#[d_gene,0],[d_5_del,1]
%0.00212584,0.000953886,0.0108942,0.00384381,0.0064678,0.0226395,0.0250474,0.0279971,0.0224608,0.03502,0.0332474,0.0457409,0.0562138,0.0190726,0.053536,0.206982,0.0748961,0.00200617,0.000962267,0.0179905,0.331902
#[d_gene,0],[d_5_del,2]
%0.00108499,0.000411979,0.00781731,0.0165334,0.0168485,0.0245092,0.0408157,0.039491,0.0379372,0.0714823,0.0516904,0.0557902,0.0795642,0.0392813,0.0627162,0.330154,0.0587015,0.000697659,0.00019198,0.00541674,0.0588644
#[d_gene,0],[d_5_del,3]
%0.000421549,0.000427364,0.0148525,0.00544938,0.00694973,0.028385,0.037527,0.040948,0.0273065,0.0573163,0.0320833,0.038882,0.0465451,0.0264954,0.0721499,0.308611,0.154481,0.00153666,0.000503806,0.0116071,0.0875217
#[d_gene,0],[d_5_del,4]
%0.000106589,0.000211414,0.00548484,0.0107586,0.00803753,0.0351194,0.0500123,0.0493922,0.0433155,0.0729412,0.0410546,0.0433233,0.0419923,0.0218493,0.0637872,0.27055,0.175025,0.00130019,0.000711244,0.00537839,0.0596485
#[d_gene,0],[d_5_del,5]
%3.81479e-06,0.00013908,0.00727532,0.0133983,0.0103828,0.0444175,0.0702328,0.0633718,0.0463821,0.0712792,0.0335063,0.0397255,0.0367929,0.0130194,0.0418862,0.246165,0.23097,0.00307253,0.00551931,0.02246,0
#[d_gene,0],[d_5_del,6]
%7.23935e-06,0.000195645,0.0117743,0.0210008,0.0113216,0.05683,0.0688058,0.0887855,0.0559532,0.0714846,0.0360687,0.0496487,0.0483698,0.0178914,0.0575694,0.361998,0.0266731,0.00327149,0.0123506,0,0
#[d_gene,0],[d_5_del,7]
%7.97289e-05,0.000726272,0.0186099,0.0244593,0.012614,0.0691579,0.0920963,0.0918841,0.0471278,0.0685685,0.0500429,0.0422524,0.0510306,0.0453713,0.328015,0.0378125,0.0108839,0.00926741,0,0,0
#[d_gene,0],[d_5_del,8]
%0.000142593,0.000812143,0.0209884,0.0257209,0.0190499,0.0860189,0.12352,0.113679,0.0703314,0.103802,0.0501502,0.0454219,0.0642335,0.246618,0.0229995,0.00394717,0.00256409,0,0,0,0
#[d_gene,0],[d_5_del,9]
%0.000336987,0.000550517,0.0220141,0.0335446,0.0209365,0.0881289,0.11794,0.105631,0.0643788,0.0654891,0.0327758,0.0509811,0.33665,0.0534634,0.00565495,0.00152434,0,0,0,0,0
#[d_gene,0],[d_5_del,10]
%8.44511e-05,0.000960856,0.0302825,0.0396892,0.0314348,0.0998218,0.119506,0.103281,0.0600217,0.0813126,0.0704536,0.334632,0.02393,0.00326448,0.00132567,0,0,0,0,0,0
#[d_gene,0],[d_5_del,11]
%9.95548e-05,0.00194878,0.0263644,0.0277765,0.0413889,0.116805,0.138078,0.149705,0.0887058,0.153015,0.221104,0.0315428,0.00236825,0.0010977,0,0,0,0,0,0,0
#[d_gene,0],[d_5_del,12]
%5.83558e-05,0.000242059,0.00575431,0.00951442,0.0477147,0.0726416,0.095697,0.13397,0.109953,0.492573,0.025443,0.005604,0.00083435,0,0,0,0,0,0,0,0
#[d_gene,0],[d_5_del,13]
%0.00044538,0.00191766,0.0191864,0.0761583,0.212847,0.147515,0.137134,0.177331,0.195446,0.0278553,0.002425,0.00173859,0,0,0,0,0,0,0,0,0
#[d_gene,0],[d_5_del,14]
%0.002105,0.0061425,0.0333292,0.112672,0.184988,0.171686,0.222213,0.244787,0.0145036,0.00419557,0.00337784,0,0,0,0,0,0,0,0,0,0
#[d_gene,0],[d_5_del,15]
%0.00700928,0.0142349,0.0473048,0.105788,0.213421,0.276876,0.305484,0.0181662,0.00456947,0.00714687,0,0,0,0,0,0,0,0,0,0,0
#[d_gene,0],[d_5_del,16]
%0.0184393,0.0306861,0.0836817,0.154644,0.31335,0.346587,0.0243666,0.0113767,0.0168684,0,0,0,0,0,0,0,0,0,0,0,0
#[d_gene,0],[d_5_del,17]
%0,0.0794714,0.150701,0.207357,0.46286,0.0359171,0.0215908,0.0421029,0,0,0,0,0,0,0,0,0,0,0,0,0
#[d_gene,0],[d_5_del,18]
%0,0,0.0258405,0.0259723,0.0861952,0.205137,0.656855,0,0,0,0,0,0,0,0,0,0,0,0,0,0
#[d_gene,0],[d_5_del,19]
%0,0,0,0.0370244,0.158334,0.804642,0,0,0,0,0,0,0,0,0,0,0,0,0,0,0
#[d_gene,0],[d_5_del,20]
%0,0,0,0,1,0,0,0,0,0,0,0,0,0,0,0,0,0,0,0,0
#[d_gene,1],[d_5_del,0]
%0.00954427,0.00027466,0.0343316,0.00289183,0.000943649,0.00750995,0.0720293,0.0333712,0.032507,0.0271898,0.06004,0.0418968,0.0863526,0.0172789,0.0144507,0.137485,0.0491593,0.00183767,0.00132195,0.042411,0.327173
#[d_gene,1],[d_5_del,1]
%4.86384e-05,0.000427952,0.0143329,0.00902927,0.00655573,0.019675,0.0619869,0.0635239,0.0215381,0.0346696,0.0318534,0.0456131,0.0545474,0.0177739,0.043122,0.15045,0.0500961,0.00149044,0.000721746,0.0201462,0.352398
#[d_gene,1],[d_5_del,2]
%0.000370277,0.000612636,0.019418,0.00547036,0.00994566,0.0192396,0.112438,0.066524,0.037965,0.0718874,0.0528805,0.0572688,0.0798011,0.0376247,0.0537921,0.254674,0.0419453,0.000539386,0.000160423,0.00649508,0.0709479
#[d_gene,1],[d_5_del,3]
%0.000634401,0.000563538,0.0178697,0.00260763,0.00637238,0.014785,0.0732256,0.0471627,0.0303047,0.0652196,0.0359238,0.042877,0.0510036,0.0275683,0.067443,0.261923,0.126212,0.00133788,0.0004818,0.0151334,0.111351
#[d_gene,1],[d_5_del,4]
%0.000485179,0.000835841,0.0172897,0.00522883,0.0111585,0.0310297,0.132438,0.0676099,0.0445367,0.0778551,0.0430895,0.045605,0.0429975,0.0205715,0.054103,0.206207,0.124233,0.0010097,0.000783311,0.00693004,0.0660032
#[d_gene,1],[d_5_del,5]
%9.36509e-05,0.000659649,0.0178282,0.00592829,0.00966929,0.0233598,0.147051,0.083954,0.0507398,0.079609,0.0375495,0.0445515,0.0399125,0.0128297,0.0361777,0.193087,0.168517,0.0033311,0.00901658,0.0361332,0
#[d_gene,1],[d_5_del,6]
%0.000261761,0.000768594,0.0242294,0.00529025,0.0111299,0.0280813,0.165493,0.0892487,0.0595425,0.0764289,0.039175,0.0534574,0.0496924,0.0163648,0.0463245,0.277534,0.0272192,0.0058344,0.0239235,0,0
#[d_gene,1],[d_5_del,7]
%0.00088818,0.00321807,0.0339879,0.00992676,0.0148901,0.0360381,0.167929,0.07272,0.0517858,0.0764504,0.0562326,0.0452245,0.0502771,0.0388315,0.253929,0.0408999,0.0218239,0.0249472,0,0,0
#[d_gene,1],[d_5_del,8]
%0.000711496,0.00210105,0.0350315,0.00834418,0.0143167,0.0468695,0.225414,0.106198,0.0723645,0.106757,0.0518272,0.0436674,0.0529509,0.181137,0.0315091,0.0116309,0.00916986,0,0,0,0
#[d_gene,1],[d_5_del,9]
%0.000938851,0.00238076,0.046926,0.0130193,0.0188383,0.0507234,0.227323,0.0946238,0.0668089,0.0675739,0.0320218,0.0443789,0.251499,0.0572268,0.0183331,0.00738431,0,0,0,0,0
#[d_gene,1],[d_5_del,10]
%0.000700652,0.00245561,0.0597288,0.0171827,0.0286997,0.0580588,0.244769,0.0796424,0.0602836,0.0786072,0.06164,0.271869,0.0217086,0.00765963,0.00699489,0,0,0,0,0,0
#[d_gene,1],[d_5_del,11]
%0.000337041,0.0039925,0.0817471,0.0193948,0.0362409,0.0775228,0.241396,0.0632112,0.0885644,0.146805,0.200054,0.0306411,0.00452059,0.00557184,0,0,0,0,0,0,0
#[d_gene,1],[d_5_del,12]
%0.000457503,0.00193361,0.0277704,0.00560593,0.0189375,0.0216875,0.0669947,0.0374222,0.145283,0.62134,0.0368099,0.0116475,0.00411012,0,0,0,0,0,0,0,0
#[d_gene,1],[d_5_del,13]
%0.00216345,0.00486435,0.0255301,0.0147544,0.148254,0.119968,0.16268,0.165775,0.304318,0.0415,0.00458293,0.00560977,0,0,0,0,0,0,0,0,0
#[d_gene,1],[d_5_del,14]
%0.000264404,0.00127648,0.00927278,0.014001,0.199186,0.163557,0.233011,0.348789,0.0184179,0.00573534,0.00648879,0,0,0,0,0,0,0,0,0,0
#[d_gene,1],[d_5_del,15]
%9.99958e-05,0.00067706,0.00319474,0.0132378,0.156475,0.202657,0.577492,0.0381634,0.00332431,0.00467918,0,0,0,0,0,0,0,0,0,0,0
#[d_gene,1],[d_5_del,16]
%0.00225955,0.0109998,0.0280039,0.0703492,0.346348,0.4732,0.0402014,0.0185677,0.0100704,0,0,0,0,0,0,0,0,0,0,0,0
#[d_gene,1],[d_5_del,17]
%0,0.0791981,0.148915,0.208014,0.452568,0.0461062,0.0246093,0.0405895,0,0,0,0,0,0,0,0,0,0,0,0,0
#[d_gene,1],[d_5_del,18]
%0,0,0.026272,0.0267931,0.0835394,0.230834,0.632561,0,0,0,0,0,0,0,0,0,0,0,0,0,0
#[d_gene,1],[d_5_del,19]
%0,0,0,0.0375517,0.151404,0.811044,0,0,0,0,0,0,0,0,0,0,0,0,0,0,0
#[d_gene,1],[d_5_del,20]
%0,0,0,0,1,0,0,0,0,0,0,0,0,0,0,0,0,0,0,0,0
#[d_gene,2],[d_5_del,0]
%5.16745e-06,0.000305746,0.000558418,0.0014734,0.00934919,0.00350103,0.0210002,0.0707885,0.0208046,0.0234896,0.0129404,0.0133006,0.00491293,0.000209068,7.02285e-05,0.00228844,0.00973475,0.0449759,0.0917285,0.289125,0.379438
#[d_gene,2],[d_5_del,1]
%5.50832e-06,4.25448e-06,0.000888393,0.00269292,0.0313253,0.012753,0.0551545,0.184666,0.045933,0.125787,0.0739866,0.0704581,0.0298099,0.0007853,0.000188816,0.00462839,0.0371132,0.0779358,0.0712218,0.174662,0
#[d_gene,2],[d_5_del,2]
%9.13417e-07,0.000202988,0.00344935,0.00685333,0.0478535,0.0218108,0.100281,0.272325,0.0790494,0.204492,0.124646,0.0939171,0.0193425,0.000233529,4.18933e-05,0.000771926,0.00555789,0.00564572,0.0135267,0,0
#[d_gene,2],[d_5_del,3]
%3.82753e-05,7.29749e-05,0.00292016,0.00404435,0.034045,0.0185257,0.0747812,0.21636,0.0715413,0.228193,0.147461,0.117396,0.0541788,0.000532027,0.000104242,0.00149359,0.00802456,0.0202877,0,0,0
#[d_gene,2],[d_5_del,4]
%2.25109e-05,0.000140051,0.0029739,0.00646668,0.0408556,0.0228234,0.0819104,0.224191,0.0821645,0.245434,0.10886,0.101055,0.078308,0.000548744,8.94222e-05,0.000469611,0.00368773,0,0,0,0
#[d_gene,2],[d_5_del,5]
%3.57479e-06,7.03431e-05,0.00290095,0.00569322,0.0371735,0.0246698,0.0715268,0.239004,0.10197,0.224121,0.0709507,0.103121,0.114951,0.00118026,0.000719768,0.00194346,0,0,0,0,0
#[d_gene,2],[d_5_del,6]
%1.44241e-05,0.00010192,0.00330537,0.00704432,0.0394186,0.0256272,0.083919,0.292018,0.135937,0.209855,0.0708345,0.123875,0.00691995,0.000396649,0.000733864,0,0,0,0,0,0
#[d_gene,2],[d_5_del,7]
%8.68005e-06,0.000113798,0.00804807,0.0136081,0.0586869,0.0312067,0.12059,0.342124,0.109076,0.127916,0.176543,0.0103051,0.00123871,0.000535728,0,0,0,0,0,0,0
#[d_gene,2],[d_5_del,8]
%1.21426e-05,7.65729e-05,0.00662971,0.0122578,0.0581361,0.0448476,0.133828,0.318001,0.140954,0.274028,0.0101512,0.000852312,0.00022539,0,0,0,0,0,0,0,0
#[d_gene,2],[d_5_del,9]
%0.000105038,0.00019459,0.00974053,0.0219896,0.0765205,0.095642,0.196016,0.252778,0.318417,0.0267269,0.00156696,0.000303058,0,0,0,0,0,0,0,0,0
#[d_gene,2],[d_5_del,10]
%0.000252817,0.00140463,0.0358222,0.0536956,0.0932924,0.207897,0.275813,0.312934,0.0161696,0.00226702,0.000451896,0,0,0,0,0,0,0,0,0,0
#[d_gene,2],[d_5_del,11]
%0.000284444,0.00135938,0.0230306,0.0662361,0.152089,0.347339,0.394105,0.0136601,0.00129339,0.000602609,0,0,0,0,0,0,0,0,0,0,0
#[d_gene,2],[d_5_del,12]
%0.000745197,0.00341116,0.0150172,0.0823032,0.253437,0.614354,0.0260389,0.00271175,0.00198193,0,0,0,0,0,0,0,0,0,0,0,0
#[d_gene,2],[d_5_del,13]
%0,0.0058288,0.012455,0.105207,0.844774,0.0248696,0.00339183,0.00347369,0,0,0,0,0,0,0,0,0,0,0,0,0
#[d_gene,2],[d_5_del,14]
%0,0,0.00450883,0.0217422,0.398791,0.145049,0.429909,0,0,0,0,0,0,0,0,0,0,0,0,0,0
#[d_gene,2],[d_5_del,15]
%0,0,0,0.104723,0.495859,0.399418,0,0,0,0,0,0,0,0,0,0,0,0,0,0,0
#[d_gene,2],[d_5_del,16]
%0,0,0,0,1,0,0,0,0,0,0,0,0,0,0,0,0,0,0,0,0
#[d_gene,2],[d_5_del,17]
%0,0,0,0,0,0,0,0,0,0,0,0,0,0,0,0,0,0,0,0,0
#[d_gene,2],[d_5_del,18]
%0,0,0,0,0,0,0,0,0,0,0,0,0,0,0,0,0,0,0,0,0
#[d_gene,2],[d_5_del,19]
%0,0,0,0,0,0,0,0,0,0,0,0,0,0,0,0,0,0,0,0,0
#[d_gene,2],[d_5_del,20]
%0,0,0,0,0,0,0,0,0,0,0,0,0,0,0,0,0,0,0,0,0
@j_5_del
$Dim[14,23]
#[j_choice,0]
%0.000346848,0.000820565,0.0110681,0.0062845,0.0467139,0.0500471,0.0831875,0.0794913,0.216159,0.108282,0.103267,0.0861804,0.14828,0.0211526,0.00873569,0.00414499,0.00393224,0.00503149,0.00328069,0.00262149,0.00506363,0.00175395,0.00415447
#[j_choice,1]
%7.89789e-05,0.000632977,0.0424448,0.0250464,0.0568878,0.102817,0.233296,0.0963803,0.148494,0.0910795,0.0992798,0.0394878,0.0227352,0.00988687,0.00819519,0.00675852,0.00196406,0.00230502,0.0051548,0.00094586,0.00120393,0.00160338,0.00332174
#[j_choice,2]
%0.000585465,0.00923848,0.0416124,0.0119393,0.0452235,0.0386989,0.0589542,0.0715517,0.120547,0.116342,0.101225,0.0952327,0.11966,0.0740265,0.0383745,0.00752364,0.0150095,0.00626466,0.00726403,0.0125408,0.0024503,0.00306505,0.00267124
#[j_choice,3]
%0.000241087,0.00153633,0.085337,0.121394,0.0755353,0.138742,0.0727323,0.117433,0.0464862,0.0550371,0.0653422,0.0485388,0.0706685,0.0349372,0.0090328,0.00569307,0.0100822,0.00447507,0.00438404,0.0108008,0.00504751,0.00510512,0.0114194
#[j_choice,4]
%0.000136015,0.00356277,0.0531676,0.0586161,0.0532177,0.069341,0.121161,0.105326,0.112283,0.122877,0.0957783,0.115891,0.0176607,0.0329484,0.00870421,0.0175858,0.00274834,0.00108294,0.00104917,0.00249046,0.00155079,0.000574721,0.00224738
#[j_choice,5]
%0.000594847,0.00488181,0.0185937,0.038382,0.0655839,0.0248142,0.0435791,0.0602425,0.108874,0.100661,0.0884427,0.131719,0.207678,0.0117153,0.0338297,0.0154949,0.00946331,0.00808726,0.00728702,0.00330068,0.00255113,0.00114019,0.0130836
#[j_choice,6]
%0.000595548,0.0155771,0.0551041,0.0147456,0.032535,0.023719,0.0250855,0.042068,0.0511999,0.0819328,0.0713718,0.169813,0.111003,0.0885092,0.124611,0.0226235,0.0121877,0.0158667,0.0209813,0.00689727,0.00259515,0.00171615,0.00926162
#[j_choice,7]
%0.00099,0.00927059,0.0294184,0.016968,0.283236,0.0786307,0.123637,0.0865192,0.156806,0.0607874,0.0354407,0.0295307,0.0446645,0.0152746,0.0053414,0.00663311,0.00191497,0.00113274,0.00149438,0.00108582,0.00190418,0.0033663,0.00595355
#[j_choice,8]
%0.000234535,0.00197729,0.0136538,0.0460609,0.0583274,0.176167,0.0828568,0.118351,0.13307,0.115457,0.069909,0.0604412,0.0292954,0.0164376,0.0262658,0.0347069,0.00489709,0.00215174,0.00121102,0.000714743,0.001383,0.00221089,0.00422113
#[j_choice,9]
%0,0,0,0,0,0,0,0,0,1.93815e-06,0.00023173,1.23979e-05,1.69798e-05,1.21862e-08,1.41603e-10,4.04823e-13,1.90496e-10,0.0582583,0.0233051,0.264214,0.00181722,0.107832,0.544311
#[j_choice,10]
%0.000525433,0.00112387,0.00716961,0.00792036,0.0755642,0.0855928,0.103163,0.123227,0.160114,0.125636,0.124862,0.12174,0.0262699,0.0173512,0.00727116,0.00359459,0.00158364,0.00319858,0.00103136,0.00105349,0.000449403,0.000117985,0.00144079
#[j_choice,11]
%0.000599592,0.00631855,0.029294,0.00688103,0.0707787,0.0541023,0.148485,0.224467,0.137821,0.1106,0.0973313,0.0619883,0.00792022,0.0148085,0.00324528,0.00431035,0.00604335,0.00178546,0.0026161,0.00268741,0.00251757,0.00250966,0.00288947
#[j_choice,12]
%6.79093e-05,0.000750254,0.0182142,0.00688599,0.0139468,0.0706679,0.178339,0.122001,0.133046,0.295379,0.0536059,0.0466519,0.00607137,0.0141515,0.00528217,0.0130768,0.00282539,0.00364971,0.00189467,0.00255268,0.00232148,0.00326949,0.00534834
#[j_choice,13]
%0.00154807,0.0040765,0.0344616,0.0249298,0.330229,0.129893,0.177725,0.0759587,0.12279,0.045096,0.0131567,0.00862233,0.00575188,0.00495158,0.00123594,0.00413498,0.00274209,0.00353585,9.29022e-05,0.00165685,0.000234656,0.000560816,0.00661668
@vd_ins
$Dim[31]
#
%0.05011,0.0588606,0.0949877,0.122599,0.134326,0.107485,0.0887067,0.0759049,0.062754,0.050722,0.0408541,0.0298612,0.0220373,0.0158899,0.0122203,0.00843508,0.00592313,0.00421315,0.00321542,0.00240984,0.00197426,0.0015675,0.00129413,0.00093477,0.000657503,0.000525224,0.000426773,0.000296054,0.000266026,0.000230303,0.000312565
@vd_dinucl
$Dim[16]
#
%0.281755,0.264227,0.264575,0.189442,0.154241,0.461182,0.194678,0.189899,0.234376,0.190997,0.383061,0.191566,0.217163,0.326823,0.196492,0.259523
@dj_ins
$Dim[31]
#
%0.0748821,0.0650752,0.0937766,0.118753,0.1318,0.11445,0.0915295,0.0725982,0.0564119,0.0440173,0.0343246,0.0263758,0.0201814,0.0151557,0.0108347,0.00778709,0.00576532,0.00425338,0.00308113,0.00212844,0.00156465,0.00117487,0.000879678,0.00074775,0.000543665,0.000395325,0.000403081,0.00029081,0.000262046,0.000237476,0.000319204
@dj_dinucl
$Dim[16]
#
%0.277152,0.171298,0.347341,0.204209,0.218118,0.335625,0.210497,0.23576,0.227327,0.176116,0.442803,0.153754,0.212031,0.242053,0.263916,0.282
